0 0.31 0.05777833398437502 0.005000000000000007 0.057778333984375 0.005000000000000027 0.385905 0.31 0.385905
0 0.30628265093504503 0.6854027078246864 0.30597015093504504 0.38551937579343637 0.004687500000000001 0.3858333339843751 0.004999999999999993 0.6857166660156251
0 0.35736969245108197 0.9380830099498576 0.3225 0.657401666015625 0.007630307548918039 0.6965186560657675 0.04250000000000001 0.9772000000000001
0 0.52625 0.12333333398437504 0.3125 0.12333333398437503 0.3125 0.39756500000000006 0.52625 0.3975650000000001
0 0.5350779953279061 0.6551702001925354 0.5344529953279061 0.4061018662081603 0.309375 0.406666666015625 0.31 0.6557350000000001
0 0.540158322739857 0.9083751113316445 0.5394842354586056 0.6340737179809447 0.3218259127187487 0.6346086066493003 0.3225 0.9089100000000001
0 0.7121547553759898 0.1821922623427218 0.535 0.17437166601562507 0.525 0.40089500000000006 0.7021547553759898 0.4087155963270968
0 0.7014150821724121 0.6239464848997998 0.6989150821724122 0.3990864848997998 0.53625 0.400895 0.53875 0.625755
0 0.7003469622051048 0.8453488230957649 0.695 0.610763333984375 0.5371530377948951 0.614361176904235 0.5425 0.8489466660156249
0 0.8285924183686431 0.2006020069830707 0.7 0.1983333339843751 0.69625 0.4108900000000001 0.8248424183686431 0.4131586729986957
0 0.8402704023975764 0.5896183608508848 0.8265204023975764 0.39718002686650977 0.69375 0.406666666015625 0.7075 0.599105
0 0.83125 0.58911 0.70625 0.58911 0.70625 0.805641666015625 0.83125 0.805641666015625
0 0.9488999399159513 0.23617372316798402 0.834375 0.2295833339843751 0.82375 0.41422000000000003 0.9382749399159513 0.42081038918360897
0 0.9404026535467225 0.5920121292223868 0.9369651535467225 0.41082212922238664 0.8265624999999999 0.412916666015625 0.8299999999999998 0.5941066660156251
0 0.9437500000000002 0.5807833339843751 0.8377879940821267 0.5777744743859058 0.8325000000000001 0.7640000000000001 0.9384620059178737 0.7670088595984694
0 0.9990586526412151 0.41743888674646545 0.998746152641215 0.26072055471521555 0.9421875 0.2608333339843751 0.9425 0.417551666015625
0 1.0015437630252237 0.5847200160582285 0.9986197762613847 0.41150217312510173 0.9358260132361607 0.4125621570668732 0.9387499999999999 0.58578
0 0.99875 0.5741200000000002 0.9425 0.5741200000000002 0.9425 0.7256916660156252 0.99875 0.7256916660156252